63
83
39
16
18
81
26
52
83
93
25
1
35
2
27
93
49
23
65
90
74
97
93
52
83
89
23
68
14
55
26
78
90
65
94
8
47
72
60
82
17
37
84
52
39
11
45
88
86
11
30
12
8
76
64
43
65
39
12
80
94
90
10
84
55
56
93
2
28
5
37
97
43
21
50
82
84
47
23
71
10
5
83
18
81
0
14
47
39
78
79
86
68
41
22
23
97
67
78
77
73
15
74
16
88
76
50
72
24
25
43
34
31
79
5
12
79
19
11
70
49
42
8
17
83
31
92
80
50
22
57
23
37
84
91
77
60
42
50
84
67
45
71
50
76
76
15
7
47
78
78
48
21
38
65
4
21
9
37
72
32
46
95
21
30
39
99
43
81
1
79
0
98
50
3
75
78
18
82
25
96
12
73
17
51
90
74
72
0
63
96
84
9
92
5
92
31
56
35
64
57
14
16
8
65
19
83
43
37
17
21
86
82
46
55
85
89
29
57
89
92
6
25
54
50
30
46
33
87
81
97
96
95
65
4
12
85
39
56
74
9
29
12
91
75
68
76
64
49
85
5
42
91
30
96
41
13
94
74
52
75
23
0
70
89
57
35
26
96
91
52
57
72
65
48
47
33
76
64
82
62
21
76
5
52
24
99
17
18
25
69
45
49
69
68
90
78
3
68
75
46
20
84
18
37
33
65
22
9
81
57
23
3
85
81
7
10
80
24
80
5
45
26
54
66
94
96
45
97
64
72
43
37
56
13
26
89
30
49
51
12
6
26
15
91
7
74
53
87
98
34
93
43
12
99
61
58
48
6
7
12
78
50
1
35
15
28
76
45
29
79
57
87
58
24
78
65
98
84
5
48
70
50
43
82
49
5
92
97
11
99
62
42
1
15
29
16
95
5
61
24
37
19
11
95
95
42
12
94
78
17
42
48
67
86
82
17
43
74
66
54
73
80
48
74
48
77
90
43
35
3
20
72
74
31
19
70
25
31
64
3
49
58
3
16
96
85
85
39
11
4
46
36
36
94
62
84
24
52
80
59
8
0
83
82
83
2
52
61
85
68
64
34
79
20
3
75
57
40
67
69
96
65
57
33
11
20
69
35
24
1
46
32
1
29
15
37
83
67
98
21
36
62
7
15
34
10
42
92
3
61
13
51
26
70
36
38
90
6
25
15
7
72
47
61
53
62
98
89
82
96
10
70
10
17
37
45
80
79
37
35
93
2
86
19
72
23
9
63
81
87
30
40
11
29
1
16
92
51
5
26
99
67
96
10
85
33
7
17
64
96
52
57
98
90
29
70
65
90
85
46
77
67
39
88
97
40
5
41
44
62
67
43
30
15
5
67
48
12
84
64
8
88
22
6
78
3
29
44
93
66
42
71
34
81
11
31
74
16
24
18
31
43
13
61
58
19
28
58
31
64
22
92
52
96
98
82
99
79
26
93
46
21
16
32
2
27
15
76
96
39
46
79
82
12
40
92
31
20
50
14
84
24
6
36
73
57
18
72
36
97
17
34
18
85
66
72
65
81
1
13
72
47
92
6
11
84
98
42
4
0
9
88
25
67
24
98
24
94
22
13
91
92
99
61
77
66
34
42
99
35
7
24
34
99
30
46
83
29
40
87
29
49
75
6
17
51
4
93
98
27
6
89
19
58
3
48
24
37
43
75
24
50
99
58
50
82
56
85
11
97
73
92
98
0
99
15
4
3
61
2
82
19
43
53
77
46
2
53
35
45
29
59
95
80
70
97
62
26
83
25
75
8
18
26
60
69
93
64
24
54
18
7
74
62
12
51
8
14
5
44
11
86
55
59
18
25
56
33
4
91
58
31
99
28
57
12
49
51
28
74
5
47
33
31
61
45
35
21
12
40
17
75
78
73
34
96
50
91
29
54
34
40
38
86
20
95
98
70
98
26
96
56
25
29
87
86
26
22
8
38
14
25
14
92
98
0
41
1
43
22
7
78
14
45
64
35
93
14
57
91
92
53
47
18
34
87
56
60
61
64
51
76
42
17
20
92
17
13
93
61
88
1
91
2
46
55
89
91
21
46
83
13
51
82
83
85
21
40
98
83
56
49
11
98
18
83
43
35
97
36
48
85
89
39
39
88
94
29
79
67
27
14
81
79
97
16
16
18
8
66
53
65
67
16
15
85
0
58
21
49
47
69
86
36
9
25
76
55
6
56
23
34
70
56
65
19
24
33
90
33
0
43
98
67
60
65
53
12
76
26
13
23
47
99
11
56
76
88
64
